2497
12315
9835
4028
14197
13248
5886
6510
4328
2654
12580
8418
2918
8593
14852
14800
14928
9604
12397
8390
10939
1674
8794
1279
5753
11628
4286
10181
9530
3109
3762
11027
14298
7817
105
8771
5693
14095
10285
14264
14188
3168
2293
4625
13502
14924
7529
7550
3281
1386
4238
14275
1549
12140
1056
1481
3319
12904
14740
11774
9172
4907
8996
12345
9636
3707
7600
11993
10277
8883
549
7529
14839
12251
2110
600
8446
5007
5877
8820
14441
6991
7218
10586
7111
11575
5306
3670
1220
3142
2904
11561
1313
3193
8875
11019
14732
5414
10686
801
3234
4081
1972
8714
12931
9608
9040
9214
822
7804
14158
7488
12535
6960
4069
13809
11608
13978
9349
10971
6315
4363
9363
8072
8234
270
315
7967
6321
11087
554
11054
1487
1087
6233
13905
7941
11328
1513
6048
6474
6112
10394
5464
13140
8129
7859
11183
212
440
9963
441
1855
2723
6621
11827
6088
14930
3322
3906
8632
5196
12548
14925
138
1536
4055
9491
13047
4491
14612
10670
9929
11002
13438
7877
609
6485
10908
8441
183
8133
14427
3354
4520
7569
3326
11760
7857
14604
1562
9465
11476
2312
4328
11455
2427
10969
3678
9530
9257
3220
3376
549
3644
2064
903
9263
2730
4967
12728
5169
14429
6819
11902
3929
10959
459
7910
2869
14884
1596
8644
5485
10597
8000
7937
8941
10169
4640
4182
3402
3978
7944
12705
9954
1451
2868
12050
4069
8779
6033
3685
6579
10926
8487
12255
14976
14118
7444
14180
2698
2038
5630
1179
11524
14385
2424
6557
10597
2236
6177
3187
5721
2659
7602
4833
12785
3541
6796
11207
4666
5702
853
6921
13056
13490
4888
3171
5003
10249
10179
9727
8670
5170
14190
5969
11185
1780
6120
9952
9609
8097
1524
7095
11049
10013
2030
7167
4923
8395
3969
7991
8560
6694
465
9529
7788
3120
13160
1014
5309
6017
4138
13885
3529
1460
2210
14942
1028
10717
11607
9401
4131
9520
4037
3075
13818
220
5030
5448
8822
4962
11972
11335
4604
1214
9884
12831
2039
1984
2853
2468
14121
1829
2869
760
8002
3948
1131
13147
9238
5594
13357
435
14227
716
13923
8524
2677
7675
3347
12793
11433
9815
